45.666666666666664
59.333333333333336
55.333333333333336
60.0
43.666666666666664
45.333333333333336
66.0
70.33333333333333
88.33333333333333
56.666666666666664
52.333333333333336
57.333333333333336
64.33333333333333
53.0
46.666666666666664
74.33333333333333
61.0
43.0
58.333333333333336
76.33333333333333
62.333333333333336
61.0
59.666666666666664
79.66666666666667
64.33333333333333
32.333333333333336
68.66666666666667
57.333333333333336
73.33333333333333
69.33333333333333
52.0
71.33333333333333
52.333333333333336
67.33333333333333
86.33333333333333
42.0
51.0
77.0
64.33333333333333
72.66666666666667
72.66666666666667
61.333333333333336
80.0
56.333333333333336
58.0
56.666666666666664
62.666666666666664
47.333333333333336
66.33333333333333
52.666666666666664
45.333333333333336
79.0
65.66666666666667
79.33333333333333
62.666666666666664
67.66666666666667
73.66666666666667
74.0
49.333333333333336
61.333333333333336
58.666666666666664
48.0
42.333333333333336
70.33333333333333
52.666666666666664
51.0
74.0
58.333333333333336
58.0
67.0
56.666666666666664
58.666666666666664
51.666666666666664
55.666666666666664
38.666666666666664
63.0
73.0
37.0
79.0
53.666666666666664
74.33333333333333
58.333333333333336
83.66666666666667
79.0
36.333333333333336
61.0
53.333333333333336
67.33333333333333
78.0
52.666666666666664
85.33333333333333
54.0
77.66666666666667
60.666666666666664
49.333333333333336
70.0
63.333333333333336
60.666666666666664
96.0
51.0
42.666666666666664
74.0
76.0
62.666666666666664
74.0
73.0
60.333333333333336
67.66666666666667
52.0
74.33333333333333
61.0
55.333333333333336
79.66666666666667
47.666666666666664
61.666666666666664
59.666666666666664
36.0
53.666666666666664
68.66666666666667
45.333333333333336
43.666666666666664
58.0
64.66666666666667
65.66666666666667
64.33333333333333
64.33333333333333
74.66666666666667
81.0
68.0
70.0
66.66666666666667
55.0
58.333333333333336
62.0
50.0
57.666666666666664
56.333333333333336
63.0
82.33333333333333
57.666666666666664
71.0
66.33333333333333
48.666666666666664
76.33333333333333
79.0
67.66666666666667
76.66666666666667
58.666666666666664
59.333333333333336
63.0
75.66666666666667
73.33333333333333
54.666666666666664
51.0
47.333333333333336
68.33333333333333
64.66666666666667
62.333333333333336
62.0
79.66666666666667
61.666666666666664
78.33333333333333
69.0
47.0
28.666666666666668
46.0
57.0
41.0
69.0
54.333333333333336
56.0
62.0
56.333333333333336
63.333333333333336
82.33333333333333
75.66666666666667
72.66666666666667
65.33333333333333
84.66666666666667
70.66666666666667
75.0
54.0
39.666666666666664
48.333333333333336
72.33333333333333
47.333333333333336
70.33333333333333
60.224598930481285 62.101604278074866 64.01604278074866
